0.070295 3.455114
0.089664 3.480013
0.109033 3.500671
0.128401 3.517115
0.147770 3.533558
0.167139 3.547799
0.186508 3.561580
0.205877 3.574169
0.225246 3.584633
0.244615 3.595098
0.263983 3.603789
0.283352 3.612849
0.302721 3.621927
0.322090 3.628770
0.341459 3.635483
0.360828 3.642133
0.380197 3.648539
0.399565 3.654941
0.418934 3.661224
0.438303 3.667454
0.457672 3.674653
0.477041 3.683487
0.496410 3.692321
0.515779 3.703350
0.535147 3.715260
0.554516 3.727584
0.573885 3.741269
0.593254 3.754953
0.612623 3.771026
0.631992 3.789192
0.651361 3.807195
0.670729 3.821646
0.690098 3.836001
0.709467 3.850849
0.728836 3.866287
0.748205 3.881726
0.767574 3.900315
0.786943 3.919402
0.806311 3.938778
0.825680 3.959126
0.845049 3.979474
0.864418 4.000952
0.883787 4.022764
0.903156 4.044408
0.922525 4.066036
0.941893 4.087664
0.961262 4.114263
0.980631 4.144749
1.000000 4.175235
