 3.43980343980344e+000    9.79646017699115e+001
 4.29975429975430e+000    9.99115044247788e+001
 5.03685503685504e+000    9.74336283185841e+001
 6.01965601965602e+000    9.50442477876106e+001
 8.59950859950860e+000    9.46017699115044e+001
 1.19164619164619e+001    9.47787610619469e+001
 1.46191646191646e+001    9.33628318584071e+001
 1.74447174447174e+001    9.77876106194690e+001
 2.42014742014742e+001    9.63716814159292e+001
 3.10810810810811e+001    9.84955752212389e+001
 3.80835380835381e+001    9.61061946902655e+001
 4.44717444717445e+001    9.83185840707965e+001
 5.12285012285012e+001    9.41592920353982e+001
 5.81081081081081e+001    9.63716814159292e+001
 6.53562653562654e+001    9.38938053097345e+001
 7.18673218673219e+001    9.10619469026549e+001
 7.86240786240786e+001    9.84955752212389e+001
 8.51351351351351e+001    9.76991150442478e+001
 8.78378378378378e+001    9.85840707964602e+001
 9.14004914004914e+001    9.33628318584071e+001
 9.42260442260442e+001    9.53982300884956e+001
 9.71744471744472e+001    9.08849557522124e+001
