 4.91400491400491e-001    9.99115044247788e+001
 1.59705159705160e+000    9.19469026548673e+001
 4.79115479115479e+000    8.83185840707965e+001
 7.86240786240786e+000    8.74336283185841e+001
 1.09336609336609e+001    8.66371681415929e+001
 1.38820638820639e+001    8.55752212389381e+001
 2.10073710073710e+001    8.58407079646018e+001
 2.81326781326781e+001    8.11504424778761e+001
 3.52579852579853e+001    8.00884955752212e+001
 4.22604422604423e+001    8.03539823008850e+001
 4.92628992628993e+001    7.72566371681416e+001
 5.65110565110565e+001    7.77876106194690e+001
 6.35135135135135e+001    7.57522123893805e+001
 7.06388206388206e+001    7.78761061946903e+001
 7.77641277641278e+001    7.81415929203540e+001
 8.50122850122850e+001    7.61946902654867e+001
 8.78378378378378e+001    7.61061946902655e+001
 9.07862407862408e+001    7.61946902654867e+001
 9.39803439803440e+001    7.56637168141593e+001
 9.69287469287469e+001    7.53097345132743e+001
