 5.12820512820513e-002    3.46260604327519e+000
 1.02564102564103e-001    3.49844628729387e+000
 1.51515151515152e-001    3.54320153204912e+000
 2.02797202797203e-001    3.57904177606780e+000
 2.47086247086247e-001    3.61188724534449e+000
 3.00699300699301e-001    3.62691657784595e+000
 3.49650349650350e-001    3.64193204564952e+000
 3.98601398601399e-001    3.65694751345309e+000
 4.49883449883450e-001    3.67196991360560e+000
 5.03496503496504e-001    3.69294720149739e+000
 5.50116550116550e-001    3.72282562542786e+000
 6.03729603729604e-001    3.76462075718581e+000
 6.50349650349650e-001    3.80936906959212e+000
 7.01631701631702e-001    3.84223533591563e+000
 7.50582750582751e-001    3.88401660297571e+000
 8.01864801864802e-001    3.92877878007990e+000
 8.48484848484849e-001    3.97352709248620e+000
 8.97435897435897e-001    4.02720427032695e+000
 9.51048951048951e-001    4.07792133517041e+000
 1.00000000000000e+000    4.14052044609665e+000
