 3.80835380835381e+000    1.00088495575221e+002
 4.66830466830467e+000    9.60176991150443e+001
 5.40540540540541e+000    9.76991150442478e+001
 8.23095823095823e+000    9.38053097345133e+001
 1.11793611793612e+001    9.37168141592920e+001
 1.37592137592138e+001    9.37168141592920e+001
 1.68304668304668e+001    9.63716814159292e+001
 2.37100737100737e+001    9.08849557522124e+001
 3.04668304668305e+001    9.47787610619469e+001
 3.74692874692875e+001    9.28318584070796e+001
 4.44717444717445e+001    9.01769911504425e+001
 5.12285012285012e+001    9.10619469026549e+001
 5.81081081081081e+001    9.08849557522124e+001
 6.46191646191646e+001    8.85840707964602e+001
 7.13759213759214e+001    8.82300884955752e+001
 7.85012285012285e+001    8.91150442477876e+001
 8.50122850122850e+001    8.94690265486726e+001
 8.80835380835381e+001    8.73451327433628e+001
 9.12776412776413e+001    9.05309734513274e+001
 9.39803439803440e+001    8.92920353982301e+001
 9.70515970515970e+001    8.83185840707965e+001
