 1.71990171990172e+000    1.00000000000000e+002
 2.57985257985258e+000    9.61061946902655e+001
 4.91400491400491e+000    9.67256637168142e+001
 7.86240786240786e+000    9.41592920353982e+001
 1.08108108108108e+001    9.58407079646018e+001
 1.38820638820639e+001    9.37168141592920e+001
 1.65847665847666e+001    9.53097345132743e+001
 2.35872235872236e+001    9.24778761061947e+001
 3.03439803439803e+001    9.05309734513274e+001
 3.72235872235872e+001    8.88495575221239e+001
 4.41031941031941e+001    9.00884955752212e+001
 5.09828009828010e+001    8.65486725663717e+001
 5.78624078624079e+001    8.57522123893805e+001
 6.47420147420147e+001    8.63716814159292e+001
 7.14987714987715e+001    8.65486725663717e+001
 7.83783783783784e+001    8.53097345132743e+001
 8.52579852579853e+001    8.41592920353982e+001
 8.83292383292383e+001    8.34513274336283e+001
 9.11547911547912e+001    8.64601769911504e+001
 9.39803439803440e+001    8.53982300884956e+001
 9.71744471744472e+001    8.59292035398230e+001
