 3.68550368550369e-001    1.00000000000000e+002
 8.59950859950860e-001    9.57522123893805e+001
 4.05405405405405e+000    8.93805309734513e+001
 7.12530712530713e+000    8.58407079646018e+001
 1.03194103194103e+001    8.49557522123894e+001
 1.76904176904177e+001    8.27433628318584e+001
 2.50614250614251e+001    8.25663716814159e+001
 3.24324324324324e+001    7.84955752212389e+001
 3.96805896805897e+001    7.67256637168142e+001
 4.71744471744472e+001    7.52212389380531e+001
 5.45454545454545e+001    7.57522123893805e+001
 6.17936117936118e+001    7.57522123893805e+001
 6.91646191646192e+001    7.41592920353982e+001
 7.65356265356265e+001    7.61061946902655e+001
 8.40294840294840e+001    7.53982300884956e+001
 8.71007371007371e+001    7.32743362831858e+001
 9.02948402948403e+001    7.53982300884956e+001
 9.33660933660934e+001    7.61061946902655e+001
 9.64373464373464e+001    7.69911504424779e+001
