 5.12547541574732e-002    3.39330855018587e+000
 9.99510633000507e-002    3.47881040892193e+000
 1.50862402019283e-001    3.52342007434944e+000
 1.99447101144432e-001    3.56059479553903e+000
 2.52633567142011e-001    3.59033457249071e+000
 3.03519149703375e-001    3.62379182156134e+000
 3.52052336512788e-001    3.63866171003717e+000
 4.02903577530328e-001    3.65724907063197e+000
 4.51436764339741e-001    3.67211895910781e+000
 5.02305176129193e-001    3.69814126394052e+000
 5.50864119096474e-001    3.72416356877323e+000
 6.01758287043794e-001    3.76133828996283e+000
 6.52686796534938e-001    3.81338289962825e+000
 7.03589549868214e-001    3.85427509293680e+000
 7.49856194785237e-001    3.88773234200744e+000
 8.03102758484508e-001    3.94349442379182e+000
 8.54039853361608e-001    3.99925650557621e+000
 9.00349425208410e-001    4.05130111524164e+000
 9.51303690857423e-001    4.11449814126394e+000
 1.00000000000000e+000    4.20000000000000e+000
