 5.09259259259259e-002    3.43555555555556e+000
 9.95370370370370e-002    3.50370370370370e+000
 1.50462962962963e-001    3.54222222222222e+000
 1.99074074074074e-001    3.57481481481481e+000
 2.54629629629630e-001    3.59259259259259e+000
 3.05555555555556e-001    3.61629629629630e+000
 3.54166666666667e-001    3.63703703703704e+000
 4.00462962962963e-001    3.65185185185185e+000
 4.49074074074074e-001    3.66962962962963e+000
 5.00000000000000e-001    3.69333333333333e+000
 5.53240740740741e-001    3.72888888888889e+000
 6.01851851851852e-001    3.75851851851852e+000
 6.48148148148148e-001    3.79703703703704e+000
 7.01388888888889e-001    3.83851851851852e+000
 7.52314814814815e-001    3.88000000000000e+000
 8.00925925925926e-001    3.93037037037037e+000
 8.49537037037037e-001    3.98370370370370e+000
 8.98148148148148e-001    4.04000000000000e+000
 9.49074074074074e-001    4.09925925925926e+000
 1.00000000000000e+000    4.18518518518519e+000
